4901 2 5001 5002
4902 2 5002 5003
4903 2 5003 5004
4904 2 5004 5005
4905 2 5005 5006
4906 2 5006 5007
4907 2 5007 5008
4908 2 5008 5009
4909 2 5009 5010
4910 2 5011 5012
4911 2 5012 5013
4912 2 5013 5014
4913 2 5014 5015
4914 2 5015 5016
4915 2 5016 5017
4916 2 5017 5018
4917 2 5018 5019
4918 2 5019 5020
4919 2 5021 5022
4920 2 5022 5023
4921 2 5023 5024
4922 2 5024 5025
4923 2 5025 5026
4924 2 5026 5027
4925 2 5027 5028
4926 2 5028 5029
4927 2 5029 5030
4928 2 5031 5032
4929 2 5032 5033
4930 2 5033 5034
4931 2 5034 5035
4932 2 5035 5036
4933 2 5036 5037
4934 2 5037 5038
4935 2 5038 5039
4936 2 5039 5040
4937 2 5041 5042
4938 2 5042 5043
4939 2 5043 5044
4940 2 5044 5045
4941 2 5045 5046
4942 2 5046 5047
4943 2 5047 5048
4944 2 5048 5049
4945 2 5049 5050
4946 2 5051 5052
4947 2 5052 5053
4948 2 5053 5054
4949 2 5054 5055
4950 2 5055 5056
4951 2 5056 5057
4952 2 5057 5058
4953 2 5058 5059
4954 2 5059 5060
4955 2 5061 5062
4956 2 5062 5063
4957 2 5063 5064
4958 2 5064 5065
4959 2 5065 5066
4960 2 5066 5067
4961 2 5067 5068
4962 2 5068 5069
4963 2 5069 5070
4964 2 5071 5072
4965 2 5072 5073
4966 2 5073 5074
4967 2 5074 5075
4968 2 5075 5076
4969 2 5076 5077
4970 2 5077 5078
4971 2 5078 5079
4972 2 5079 5080
4973 2 5081 5082
4974 2 5082 5083
4975 2 5083 5084
4976 2 5084 5085
4977 2 5085 5086
4978 2 5086 5087
4979 2 5087 5088
4980 2 5088 5089
4981 2 5089 5090
4982 2 5091 5092
4983 2 5092 5093
4984 2 5093 5094
4985 2 5094 5095
4986 2 5095 5096
4987 2 5096 5097
4988 2 5097 5098
4989 2 5098 5099
4990 2 5099 5100
4991 2 5101 5102
4992 2 5102 5103
4993 2 5103 5104
4994 2 5104 5105
4995 2 5105 5106
4996 2 5106 5107
4997 2 5107 5108
4998 2 5108 5109
4999 2 5109 5110
5000 2 5111 5112
5001 2 5112 5113
5002 2 5113 5114
5003 2 5114 5115
5004 2 5115 5116
5005 2 5116 5117
5006 2 5117 5118
5007 2 5118 5119
5008 2 5119 5120
5009 2 5121 5122
5010 2 5122 5123
5011 2 5123 5124
5012 2 5124 5125
5013 2 5125 5126
5014 2 5126 5127
5015 2 5127 5128
5016 2 5128 5129
5017 2 5129 5130
5018 2 5131 5132
5019 2 5132 5133
5020 2 5133 5134
5021 2 5134 5135
5022 2 5135 5136
5023 2 5136 5137
5024 2 5137 5138
5025 2 5138 5139
5026 2 5139 5140
5027 2 5141 5142
5028 2 5142 5143
5029 2 5143 5144
5030 2 5144 5145
5031 2 5145 5146
5032 2 5146 5147
5033 2 5147 5148
5034 2 5148 5149
5035 2 5149 5150
5036 2 5151 5152
5037 2 5152 5153
5038 2 5153 5154
5039 2 5154 5155
5040 2 5155 5156
5041 2 5156 5157
5042 2 5157 5158
5043 2 5158 5159
5044 2 5159 5160
5045 2 5161 5162
5046 2 5162 5163
5047 2 5163 5164
5048 2 5164 5165
5049 2 5165 5166
5050 2 5166 5167
5051 2 5167 5168
5052 2 5168 5169
5053 2 5169 5170
5054 2 5171 5172
5055 2 5172 5173
5056 2 5173 5174
5057 2 5174 5175
5058 2 5175 5176
5059 2 5176 5177
5060 2 5177 5178
5061 2 5178 5179
5062 2 5179 5180
5063 2 5181 5182
5064 2 5182 5183
5065 2 5183 5184
5066 2 5184 5185
5067 2 5185 5186
5068 2 5186 5187
5069 2 5187 5188
5070 2 5188 5189
5071 2 5189 5190
5072 2 5191 5192
5073 2 5192 5193
5074 2 5193 5194
5075 2 5194 5195
5076 2 5195 5196
5077 2 5196 5197
5078 2 5197 5198
5079 2 5198 5199
5080 2 5199 5200
5081 2 5201 5202
5082 2 5202 5203
5083 2 5203 5204
5084 2 5204 5205
5085 2 5205 5206
5086 2 5206 5207
5087 2 5207 5208
5088 2 5208 5209
5089 2 5209 5210
5090 2 5211 5212
5091 2 5212 5213
5092 2 5213 5214
5093 2 5214 5215
5094 2 5215 5216
5095 2 5216 5217
5096 2 5217 5218
5097 2 5218 5219
5098 2 5219 5220
5099 2 5221 5222
5100 2 5222 5223
5101 2 5223 5224
5102 2 5224 5225
5103 2 5225 5226
5104 2 5226 5227
5105 2 5227 5228
5106 2 5228 5229
5107 2 5229 5230
5108 2 5231 5232
5109 2 5232 5233
5110 2 5233 5234
5111 2 5234 5235
5112 2 5235 5236
5113 2 5236 5237
5114 2 5237 5238
5115 2 5238 5239
5116 2 5239 5240
5117 2 5241 5242
5118 2 5242 5243
5119 2 5243 5244
5120 2 5244 5245
5121 2 5245 5246
5122 2 5246 5247
5123 2 5247 5248
5124 2 5248 5249
5125 2 5249 5250
5126 2 5251 5252
5127 2 5252 5253
5128 2 5253 5254
5129 2 5254 5255
5130 2 5255 5256
5131 2 5256 5257
5132 2 5257 5258
5133 2 5258 5259
5134 2 5259 5260
5135 2 5261 5262
5136 2 5262 5263
5137 2 5263 5264
5138 2 5264 5265
5139 2 5265 5266
5140 2 5266 5267
5141 2 5267 5268
5142 2 5268 5269
5143 2 5269 5270
5144 2 5271 5272
5145 2 5272 5273
5146 2 5273 5274
5147 2 5274 5275
5148 2 5275 5276
5149 2 5276 5277
5150 2 5277 5278
5151 2 5278 5279
5152 2 5279 5280
5153 2 5281 5282
5154 2 5282 5283
5155 2 5283 5284
5156 2 5284 5285
5157 2 5285 5286
5158 2 5286 5287
5159 2 5287 5288
5160 2 5288 5289
5161 2 5289 5290
5162 2 5291 5292
5163 2 5292 5293
5164 2 5293 5294
5165 2 5294 5295
5166 2 5295 5296
5167 2 5296 5297
5168 2 5297 5298
5169 2 5298 5299
5170 2 5299 5300
5171 2 5301 5302
5172 2 5302 5303
5173 2 5303 5304
5174 2 5304 5305
5175 2 5305 5306
5176 2 5306 5307
5177 2 5307 5308
5178 2 5308 5309
5179 2 5309 5310
5180 2 5311 5312
5181 2 5312 5313
5182 2 5313 5314
5183 2 5314 5315
5184 2 5315 5316
5185 2 5316 5317
5186 2 5317 5318
5187 2 5318 5319
5188 2 5319 5320
5189 2 5321 5322
5190 2 5322 5323
5191 2 5323 5324
5192 2 5324 5325
5193 2 5325 5326
5194 2 5326 5327
5195 2 5327 5328
5196 2 5328 5329
5197 2 5329 5330
5198 2 5331 5332
5199 2 5332 5333
5200 2 5333 5334
5201 2 5334 5335
5202 2 5335 5336
5203 2 5336 5337
5204 2 5337 5338
5205 2 5338 5339
5206 2 5339 5340
5207 2 5341 5342
5208 2 5342 5343
5209 2 5343 5344
5210 2 5344 5345
5211 2 5345 5346
5212 2 5346 5347
5213 2 5347 5348
5214 2 5348 5349
5215 2 5349 5350
5216 2 5351 5352
5217 2 5352 5353
5218 2 5353 5354
5219 2 5354 5355
5220 2 5355 5356
5221 2 5356 5357
5222 2 5357 5358
5223 2 5358 5359
5224 2 5359 5360
5225 2 5361 5362
5226 2 5362 5363
5227 2 5363 5364
5228 2 5364 5365
5229 2 5365 5366
5230 2 5366 5367
5231 2 5367 5368
5232 2 5368 5369
5233 2 5369 5370
5234 2 5371 5372
5235 2 5372 5373
5236 2 5373 5374
5237 2 5374 5375
5238 2 5375 5376
5239 2 5376 5377
5240 2 5377 5378
5241 2 5378 5379
5242 2 5379 5380
5243 2 5381 5382
5244 2 5382 5383
5245 2 5383 5384
5246 2 5384 5385
5247 2 5385 5386
5248 2 5386 5387
5249 2 5387 5388
5250 2 5388 5389
5251 2 5389 5390
5252 2 5391 5392
5253 2 5392 5393
5254 2 5393 5394
5255 2 5394 5395
5256 2 5395 5396
5257 2 5396 5397
5258 2 5397 5398
5259 2 5398 5399
5260 2 5399 5400
5261 2 5401 5402
5262 2 5402 5403
5263 2 5403 5404
5264 2 5404 5405
5265 2 5405 5406
5266 2 5406 5407
5267 2 5407 5408
5268 2 5408 5409
5269 2 5409 5410
5270 2 5411 5412
5271 2 5412 5413
5272 2 5413 5414
5273 2 5414 5415
5274 2 5415 5416
5275 2 5416 5417
5276 2 5417 5418
5277 2 5418 5419
5278 2 5419 5420
5279 2 5421 5422
5280 2 5422 5423
5281 2 5423 5424
5282 2 5424 5425
5283 2 5425 5426
5284 2 5426 5427
5285 2 5427 5428
5286 2 5428 5429
5287 2 5429 5430
5288 2 5431 5432
5289 2 5432 5433
5290 2 5433 5434
5291 2 5434 5435
5292 2 5435 5436
5293 2 5436 5437
5294 2 5437 5438
5295 2 5438 5439
5296 2 5439 5440
5297 2 5441 5442
5298 2 5442 5443
5299 2 5443 5444
5300 2 5444 5445
5301 2 5445 5446
5302 2 5446 5447
5303 2 5447 5448
5304 2 5448 5449
5305 2 5449 5450
5306 2 5451 5452
5307 2 5452 5453
5308 2 5453 5454
5309 2 5454 5455
5310 2 5455 5456
5311 2 5456 5457
5312 2 5457 5458
5313 2 5458 5459
5314 2 5459 5460
5315 2 5461 5462
5316 2 5462 5463
5317 2 5463 5464
5318 2 5464 5465
5319 2 5465 5466
5320 2 5466 5467
5321 2 5467 5468
5322 2 5468 5469
5323 2 5469 5470
5324 2 5471 5472
5325 2 5472 5473
5326 2 5473 5474
5327 2 5474 5475
5328 2 5475 5476
5329 2 5476 5477
5330 2 5477 5478
5331 2 5478 5479
5332 2 5479 5480
5333 2 5481 5482
5334 2 5482 5483
5335 2 5483 5484
5336 2 5484 5485
5337 2 5485 5486
5338 2 5486 5487
5339 2 5487 5488
5340 2 5488 5489
5341 2 5489 5490
5342 2 5491 5492
5343 2 5492 5493
5344 2 5493 5494
5345 2 5494 5495
5346 2 5495 5496
5347 2 5496 5497
5348 2 5497 5498
5349 2 5498 5499
5350 2 5499 5500
5351 2 5501 5502
5352 2 5502 5503
5353 2 5503 5504
5354 2 5504 5505
5355 2 5505 5506
5356 2 5506 5507
5357 2 5507 5508
5358 2 5508 5509
5359 2 5509 5510
5360 2 5511 5512
5361 2 5512 5513
5362 2 5513 5514
5363 2 5514 5515
5364 2 5515 5516
5365 2 5516 5517
5366 2 5517 5518
5367 2 5518 5519
5368 2 5519 5520
5369 2 5521 5522
5370 2 5522 5523
5371 2 5523 5524
5372 2 5524 5525
5373 2 5525 5526
5374 2 5526 5527
5375 2 5527 5528
5376 2 5528 5529
5377 2 5529 5530
5378 2 5531 5532
5379 2 5532 5533
5380 2 5533 5534
5381 2 5534 5535
5382 2 5535 5536
5383 2 5536 5537
5384 2 5537 5538
5385 2 5538 5539
5386 2 5539 5540
5387 2 5541 5542
5388 2 5542 5543
5389 2 5543 5544
5390 2 5544 5545
5391 2 5545 5546
5392 2 5546 5547
5393 2 5547 5548
5394 2 5548 5549
5395 2 5549 5550
5396 2 5551 5552
5397 2 5552 5553
5398 2 5553 5554
5399 2 5554 5555
5400 2 5555 5556
5401 2 5556 5557
5402 2 5557 5558
5403 2 5558 5559
5404 2 5559 5560
5405 2 5561 5562
5406 2 5562 5563
5407 2 5563 5564
5408 2 5564 5565
5409 2 5565 5566
5410 2 5566 5567
5411 2 5567 5568
5412 2 5568 5569
5413 2 5569 5570
5414 2 5571 5572
5415 2 5572 5573
5416 2 5573 5574
5417 2 5574 5575
5418 2 5575 5576
5419 2 5576 5577
5420 2 5577 5578
5421 2 5578 5579
5422 2 5579 5580
5423 2 5581 5582
5424 2 5582 5583
5425 2 5583 5584
5426 2 5584 5585
5427 2 5585 5586
5428 2 5586 5587
5429 2 5587 5588
5430 2 5588 5589
5431 2 5589 5590
5432 2 5591 5592
5433 2 5592 5593
5434 2 5593 5594
5435 2 5594 5595
5436 2 5595 5596
5437 2 5596 5597
5438 2 5597 5598
5439 2 5598 5599
5440 2 5599 5600
5441 2 5601 5602
5442 2 5602 5603
5443 2 5603 5604
5444 2 5604 5605
5445 2 5605 5606
5446 2 5606 5607
5447 2 5607 5608
5448 2 5608 5609
5449 2 5609 5610
5450 2 5611 5612
5451 2 5612 5613
5452 2 5613 5614
5453 2 5614 5615
5454 2 5615 5616
5455 2 5616 5617
5456 2 5617 5618
5457 2 5618 5619
5458 2 5619 5620
5459 2 5621 5622
5460 2 5622 5623
5461 2 5623 5624
5462 2 5624 5625
5463 2 5625 5626
5464 2 5626 5627
5465 2 5627 5628
5466 2 5628 5629
5467 2 5629 5630
5468 2 5631 5632
5469 2 5632 5633
5470 2 5633 5634
5471 2 5634 5635
5472 2 5635 5636
5473 2 5636 5637
5474 2 5637 5638
5475 2 5638 5639
5476 2 5639 5640
5477 2 5641 5642
5478 2 5642 5643
5479 2 5643 5644
5480 2 5644 5645
5481 2 5645 5646
5482 2 5646 5647
5483 2 5647 5648
5484 2 5648 5649
5485 2 5649 5650
5486 2 5651 5652
5487 2 5652 5653
5488 2 5653 5654
5489 2 5654 5655
5490 2 5655 5656
5491 2 5656 5657
5492 2 5657 5658
5493 2 5658 5659
5494 2 5659 5660
5495 2 5661 5662
5496 2 5662 5663
5497 2 5663 5664
5498 2 5664 5665
5499 2 5665 5666
5500 2 5666 5667
5501 2 5667 5668
5502 2 5668 5669
5503 2 5669 5670
5504 2 5671 5672
5505 2 5672 5673
5506 2 5673 5674
5507 2 5674 5675
5508 2 5675 5676
5509 2 5676 5677
5510 2 5677 5678
5511 2 5678 5679
5512 2 5679 5680
5513 2 5681 5682
5514 2 5682 5683
5515 2 5683 5684
5516 2 5684 5685
5517 2 5685 5686
5518 2 5686 5687
5519 2 5687 5688
5520 2 5688 5689
5521 2 5689 5690
5522 2 5691 5692
5523 2 5692 5693
5524 2 5693 5694
5525 2 5694 5695
5526 2 5695 5696
5527 2 5696 5697
5528 2 5697 5698
5529 2 5698 5699
5530 2 5699 5700
5531 2 5701 5702
5532 2 5702 5703
5533 2 5703 5704
5534 2 5704 5705
5535 2 5705 5706
5536 2 5706 5707
5537 2 5707 5708
5538 2 5708 5709
5539 2 5709 5710
5540 2 5711 5712
5541 2 5712 5713
5542 2 5713 5714
5543 2 5714 5715
5544 2 5715 5716
5545 2 5716 5717
5546 2 5717 5718
5547 2 5718 5719
5548 2 5719 5720
5549 2 5721 5722
5550 2 5722 5723
5551 2 5723 5724
5552 2 5724 5725
5553 2 5725 5726
5554 2 5726 5727
5555 2 5727 5728
5556 2 5728 5729
5557 2 5729 5730
5558 2 5731 5732
5559 2 5732 5733
5560 2 5733 5734
5561 2 5734 5735
5562 2 5735 5736
5563 2 5736 5737
5564 2 5737 5738
5565 2 5738 5739
5566 2 5739 5740
5567 2 5741 5742
5568 2 5742 5743
5569 2 5743 5744
5570 2 5744 5745
5571 2 5745 5746
5572 2 5746 5747
5573 2 5747 5748
5574 2 5748 5749
5575 2 5749 5750
5576 2 5751 5752
5577 2 5752 5753
5578 2 5753 5754
5579 2 5754 5755
5580 2 5755 5756
5581 2 5756 5757
5582 2 5757 5758
5583 2 5758 5759
5584 2 5759 5760
5585 2 5761 5762
5586 2 5762 5763
5587 2 5763 5764
5588 2 5764 5765
5589 2 5765 5766
5590 2 5766 5767
5591 2 5767 5768
5592 2 5768 5769
5593 2 5769 5770
5594 2 5771 5772
5595 2 5772 5773
5596 2 5773 5774
5597 2 5774 5775
5598 2 5775 5776
5599 2 5776 5777
5600 2 5777 5778
5601 2 5778 5779
5602 2 5779 5780
5603 2 5781 5782
5604 2 5782 5783
5605 2 5783 5784
5606 2 5784 5785
5607 2 5785 5786
5608 2 5786 5787
5609 2 5787 5788
5610 2 5788 5789
5611 2 5789 5790
5612 2 5791 5792
5613 2 5792 5793
5614 2 5793 5794
5615 2 5794 5795
5616 2 5795 5796
5617 2 5796 5797
5618 2 5797 5798
5619 2 5798 5799
5620 2 5799 5800
5621 2 5801 5802
5622 2 5802 5803
5623 2 5803 5804
5624 2 5804 5805
5625 2 5805 5806
5626 2 5806 5807
5627 2 5807 5808
5628 2 5808 5809
5629 2 5809 5810
5630 2 5811 5812
5631 2 5812 5813
5632 2 5813 5814
5633 2 5814 5815
5634 2 5815 5816
5635 2 5816 5817
5636 2 5817 5818
5637 2 5818 5819
5638 2 5819 5820
5639 2 5821 5822
5640 2 5822 5823
5641 2 5823 5824
5642 2 5824 5825
5643 2 5825 5826
5644 2 5826 5827
5645 2 5827 5828
5646 2 5828 5829
5647 2 5829 5830
5648 2 5831 5832
5649 2 5832 5833
5650 2 5833 5834
5651 2 5834 5835
5652 2 5835 5836
5653 2 5836 5837
5654 2 5837 5838
5655 2 5838 5839
5656 2 5839 5840
5657 2 5841 5842
5658 2 5842 5843
5659 2 5843 5844
5660 2 5844 5845
5661 2 5845 5846
5662 2 5846 5847
5663 2 5847 5848
5664 2 5848 5849
5665 2 5849 5850
5666 2 5851 5852
5667 2 5852 5853
5668 2 5853 5854
5669 2 5854 5855
5670 2 5855 5856
5671 2 5856 5857
5672 2 5857 5858
5673 2 5858 5859
5674 2 5859 5860
5675 2 5861 5862
5676 2 5862 5863
5677 2 5863 5864
5678 2 5864 5865
5679 2 5865 5866
5680 2 5866 5867
5681 2 5867 5868
5682 2 5868 5869
5683 2 5869 5870
5684 2 5871 5872
5685 2 5872 5873
5686 2 5873 5874
5687 2 5874 5875
5688 2 5875 5876
5689 2 5876 5877
5690 2 5877 5878
5691 2 5878 5879
5692 2 5879 5880
5693 2 5881 5882
5694 2 5882 5883
5695 2 5883 5884
5696 2 5884 5885
5697 2 5885 5886
5698 2 5886 5887
5699 2 5887 5888
5700 2 5888 5889
5701 2 5889 5890
5702 2 5891 5892
5703 2 5892 5893
5704 2 5893 5894
5705 2 5894 5895
5706 2 5895 5896
5707 2 5896 5897
5708 2 5897 5898
5709 2 5898 5899
5710 2 5899 5900
5711 2 5901 5902
5712 2 5902 5903
5713 2 5903 5904
5714 2 5904 5905
5715 2 5905 5906
5716 2 5906 5907
5717 2 5907 5908
5718 2 5908 5909
5719 2 5909 5910
5720 2 5911 5912
5721 2 5912 5913
5722 2 5913 5914
5723 2 5914 5915
5724 2 5915 5916
5725 2 5916 5917
5726 2 5917 5918
5727 2 5918 5919
5728 2 5919 5920
5729 2 5921 5922
5730 2 5922 5923
5731 2 5923 5924
5732 2 5924 5925
5733 2 5925 5926
5734 2 5926 5927
5735 2 5927 5928
5736 2 5928 5929
5737 2 5929 5930
5738 2 5931 5932
5739 2 5932 5933
5740 2 5933 5934
5741 2 5934 5935
5742 2 5935 5936
5743 2 5936 5937
5744 2 5937 5938
5745 2 5938 5939
5746 2 5939 5940
5747 2 5941 5942
5748 2 5942 5943
5749 2 5943 5944
5750 2 5944 5945
5751 2 5945 5946
5752 2 5946 5947
5753 2 5947 5948
5754 2 5948 5949
5755 2 5949 5950
5756 2 5951 5952
5757 2 5952 5953
5758 2 5953 5954
5759 2 5954 5955
5760 2 5955 5956
5761 2 5956 5957
5762 2 5957 5958
5763 2 5958 5959
5764 2 5959 5960
5765 2 5961 5962
5766 2 5962 5963
5767 2 5963 5964
5768 2 5964 5965
5769 2 5965 5966
5770 2 5966 5967
5771 2 5967 5968
5772 2 5968 5969
5773 2 5969 5970
5774 2 5971 5972
5775 2 5972 5973
5776 2 5973 5974
5777 2 5974 5975
5778 2 5975 5976
5779 2 5976 5977
5780 2 5977 5978
5781 2 5978 5979
5782 2 5979 5980
5783 2 5981 5982
5784 2 5982 5983
5785 2 5983 5984
5786 2 5984 5985
5787 2 5985 5986
5788 2 5986 5987
5789 2 5987 5988
5790 2 5988 5989
5791 2 5989 5990
5792 2 5991 5992
5793 2 5992 5993
5794 2 5993 5994
5795 2 5994 5995
5796 2 5995 5996
5797 2 5996 5997
5798 2 5997 5998
5799 2 5998 5999
5800 2 5999 6000
5801 2 6001 6002
5802 2 6002 6003
5803 2 6003 6004
5804 2 6004 6005
5805 2 6005 6006
5806 2 6006 6007
5807 2 6007 6008
5808 2 6008 6009
5809 2 6009 6010
5810 2 6011 6012
5811 2 6012 6013
5812 2 6013 6014
5813 2 6014 6015
5814 2 6015 6016
5815 2 6016 6017
5816 2 6017 6018
5817 2 6018 6019
5818 2 6019 6020
5819 2 6021 6022
5820 2 6022 6023
5821 2 6023 6024
5822 2 6024 6025
5823 2 6025 6026
5824 2 6026 6027
5825 2 6027 6028
5826 2 6028 6029
5827 2 6029 6030
5828 2 6031 6032
5829 2 6032 6033
5830 2 6033 6034
5831 2 6034 6035
5832 2 6035 6036
5833 2 6036 6037
5834 2 6037 6038
5835 2 6038 6039
5836 2 6039 6040
5837 2 6041 6042
5838 2 6042 6043
5839 2 6043 6044
5840 2 6044 6045
5841 2 6045 6046
5842 2 6046 6047
5843 2 6047 6048
5844 2 6048 6049
5845 2 6049 6050
5846 2 6051 6052
5847 2 6052 6053
5848 2 6053 6054
5849 2 6054 6055
5850 2 6055 6056
5851 2 6056 6057
5852 2 6057 6058
5853 2 6058 6059
5854 2 6059 6060
5855 2 6061 6062
5856 2 6062 6063
5857 2 6063 6064
5858 2 6064 6065
5859 2 6065 6066
5860 2 6066 6067
5861 2 6067 6068
5862 2 6068 6069
5863 2 6069 6070
5864 2 6071 6072
5865 2 6072 6073
5866 2 6073 6074
5867 2 6074 6075
5868 2 6075 6076
5869 2 6076 6077
5870 2 6077 6078
5871 2 6078 6079
5872 2 6079 6080
5873 2 6081 6082
5874 2 6082 6083
5875 2 6083 6084
5876 2 6084 6085
5877 2 6085 6086
5878 2 6086 6087
5879 2 6087 6088
5880 2 6088 6089
5881 2 6089 6090
5882 2 6091 6092
5883 2 6092 6093
5884 2 6093 6094
5885 2 6094 6095
5886 2 6095 6096
5887 2 6096 6097
5888 2 6097 6098
5889 2 6098 6099
5890 2 6099 6100
5891 2 6101 6102
5892 2 6102 6103
5893 2 6103 6104
5894 2 6104 6105
5895 2 6105 6106
5896 2 6106 6107
5897 2 6107 6108
5898 2 6108 6109
5899 2 6109 6110
5900 2 6111 6112
5901 2 6112 6113
5902 2 6113 6114
5903 2 6114 6115
5904 2 6115 6116
5905 2 6116 6117
5906 2 6117 6118
5907 2 6118 6119
5908 2 6119 6120
5909 2 6121 6122
5910 2 6122 6123
5911 2 6123 6124
5912 2 6124 6125
5913 2 6125 6126
5914 2 6126 6127
5915 2 6127 6128
5916 2 6128 6129
5917 2 6129 6130
5918 2 6131 6132
5919 2 6132 6133
5920 2 6133 6134
5921 2 6134 6135
5922 2 6135 6136
5923 2 6136 6137
5924 2 6137 6138
5925 2 6138 6139
5926 2 6139 6140
5927 2 6141 6142
5928 2 6142 6143
5929 2 6143 6144
5930 2 6144 6145
5931 2 6145 6146
5932 2 6146 6147
5933 2 6147 6148
5934 2 6148 6149
5935 2 6149 6150
5936 2 6151 6152
5937 2 6152 6153
5938 2 6153 6154
5939 2 6154 6155
5940 2 6155 6156
5941 2 6156 6157
5942 2 6157 6158
5943 2 6158 6159
5944 2 6159 6160
5945 2 6161 6162
5946 2 6162 6163
5947 2 6163 6164
5948 2 6164 6165
5949 2 6165 6166
5950 2 6166 6167
5951 2 6167 6168
5952 2 6168 6169
5953 2 6169 6170
5954 2 6171 6172
5955 2 6172 6173
5956 2 6173 6174
5957 2 6174 6175
5958 2 6175 6176
5959 2 6176 6177
5960 2 6177 6178
5961 2 6178 6179
5962 2 6179 6180
5963 2 6181 6182
5964 2 6182 6183
5965 2 6183 6184
5966 2 6184 6185
5967 2 6185 6186
5968 2 6186 6187
5969 2 6187 6188
5970 2 6188 6189
5971 2 6189 6190
5972 2 6191 6192
5973 2 6192 6193
5974 2 6193 6194
5975 2 6194 6195
5976 2 6195 6196
5977 2 6196 6197
5978 2 6197 6198
5979 2 6198 6199
5980 2 6199 6200
5981 2 6201 6202
5982 2 6202 6203
5983 2 6203 6204
5984 2 6204 6205
5985 2 6205 6206
5986 2 6206 6207
5987 2 6207 6208
5988 2 6208 6209
5989 2 6209 6210
5990 2 6211 6212
5991 2 6212 6213
5992 2 6213 6214
5993 2 6214 6215
5994 2 6215 6216
5995 2 6216 6217
5996 2 6217 6218
5997 2 6218 6219
5998 2 6219 6220
5999 2 6221 6222
6000 2 6222 6223
6001 2 6223 6224
6002 2 6224 6225
6003 2 6225 6226
6004 2 6226 6227
6005 2 6227 6228
6006 2 6228 6229
6007 2 6229 6230
6008 2 6231 6232
6009 2 6232 6233
6010 2 6233 6234
6011 2 6234 6235
6012 2 6235 6236
6013 2 6236 6237
6014 2 6237 6238
6015 2 6238 6239
6016 2 6239 6240
6017 2 6241 6242
6018 2 6242 6243
6019 2 6243 6244
6020 2 6244 6245
6021 2 6245 6246
6022 2 6246 6247
6023 2 6247 6248
6024 2 6248 6249
6025 2 6249 6250
6026 2 6251 6252
6027 2 6252 6253
6028 2 6253 6254
6029 2 6254 6255
6030 2 6255 6256
6031 2 6256 6257
6032 2 6257 6258
6033 2 6258 6259
6034 2 6259 6260
6035 2 6261 6262
6036 2 6262 6263
6037 2 6263 6264
6038 2 6264 6265
6039 2 6265 6266
6040 2 6266 6267
6041 2 6267 6268
6042 2 6268 6269
6043 2 6269 6270
6044 2 6271 6272
6045 2 6272 6273
6046 2 6273 6274
6047 2 6274 6275
6048 2 6275 6276
6049 2 6276 6277
6050 2 6277 6278
6051 2 6278 6279
6052 2 6279 6280
6053 2 6281 6282
6054 2 6282 6283
6055 2 6283 6284
6056 2 6284 6285
6057 2 6285 6286
6058 2 6286 6287
6059 2 6287 6288
6060 2 6288 6289
6061 2 6289 6290
6062 2 6291 6292
6063 2 6292 6293
6064 2 6293 6294
6065 2 6294 6295
6066 2 6295 6296
6067 2 6296 6297
6068 2 6297 6298
6069 2 6298 6299
6070 2 6299 6300
6071 2 6301 6302
6072 2 6302 6303
6073 2 6303 6304
6074 2 6304 6305
6075 2 6305 6306
6076 2 6306 6307
6077 2 6307 6308
6078 2 6308 6309
6079 2 6309 6310
6080 2 6311 6312
6081 2 6312 6313
6082 2 6313 6314
6083 2 6314 6315
6084 2 6315 6316
6085 2 6316 6317
6086 2 6317 6318
6087 2 6318 6319
6088 2 6319 6320
6089 2 6321 6322
6090 2 6322 6323
6091 2 6323 6324
6092 2 6324 6325
6093 2 6325 6326
6094 2 6326 6327
6095 2 6327 6328
6096 2 6328 6329
6097 2 6329 6330
6098 2 6331 6332
6099 2 6332 6333
6100 2 6333 6334
6101 2 6334 6335
6102 2 6335 6336
6103 2 6336 6337
6104 2 6337 6338
6105 2 6338 6339
6106 2 6339 6340
6107 2 6341 6342
6108 2 6342 6343
6109 2 6343 6344
6110 2 6344 6345
6111 2 6345 6346
6112 2 6346 6347
6113 2 6347 6348
6114 2 6348 6349
6115 2 6349 6350
6116 2 6351 6352
6117 2 6352 6353
6118 2 6353 6354
6119 2 6354 6355
6120 2 6355 6356
6121 2 6356 6357
6122 2 6357 6358
6123 2 6358 6359
6124 2 6359 6360
6125 2 6361 6362
6126 2 6362 6363
6127 2 6363 6364
6128 2 6364 6365
6129 2 6365 6366
6130 2 6366 6367
6131 2 6367 6368
6132 2 6368 6369
6133 2 6369 6370
6134 2 6371 6372
6135 2 6372 6373
6136 2 6373 6374
6137 2 6374 6375
6138 2 6375 6376
6139 2 6376 6377
6140 2 6377 6378
6141 2 6378 6379
6142 2 6379 6380
6143 2 6381 6382
6144 2 6382 6383
6145 2 6383 6384
6146 2 6384 6385
6147 2 6385 6386
6148 2 6386 6387
6149 2 6387 6388
6150 2 6388 6389
6151 2 6389 6390
6152 2 6391 6392
6153 2 6392 6393
6154 2 6393 6394
6155 2 6394 6395
6156 2 6395 6396
6157 2 6396 6397
6158 2 6397 6398
6159 2 6398 6399
6160 2 6399 6400
6161 2 6401 6402
6162 2 6402 6403
6163 2 6403 6404
6164 2 6404 6405
6165 2 6405 6406
6166 2 6406 6407
6167 2 6407 6408
6168 2 6408 6409
6169 2 6409 6410
6170 2 6411 6412
6171 2 6412 6413
6172 2 6413 6414
6173 2 6414 6415
6174 2 6415 6416
6175 2 6416 6417
6176 2 6417 6418
6177 2 6418 6419
6178 2 6419 6420
6179 2 6421 6422
6180 2 6422 6423
6181 2 6423 6424
6182 2 6424 6425
6183 2 6425 6426
6184 2 6426 6427
6185 2 6427 6428
6186 2 6428 6429
6187 2 6429 6430
6188 2 6431 6432
6189 2 6432 6433
6190 2 6433 6434
6191 2 6434 6435
6192 2 6435 6436
6193 2 6436 6437
6194 2 6437 6438
6195 2 6438 6439
6196 2 6439 6440
6197 2 6441 6442
6198 2 6442 6443
6199 2 6443 6444
6200 2 6444 6445
6201 2 6445 6446
6202 2 6446 6447
6203 2 6447 6448
6204 2 6448 6449
6205 2 6449 6450
6206 2 6451 6452
6207 2 6452 6453
6208 2 6453 6454
6209 2 6454 6455
6210 2 6455 6456
6211 2 6456 6457
6212 2 6457 6458
6213 2 6458 6459
6214 2 6459 6460
6215 2 6461 6462
6216 2 6462 6463
6217 2 6463 6464
6218 2 6464 6465
6219 2 6465 6466
6220 2 6466 6467
6221 2 6467 6468
6222 2 6468 6469
6223 2 6469 6470
6224 2 6471 6472
6225 2 6472 6473
6226 2 6473 6474
6227 2 6474 6475
6228 2 6475 6476
6229 2 6476 6477
6230 2 6477 6478
6231 2 6478 6479
6232 2 6479 6480
6233 2 6481 6482
6234 2 6482 6483
6235 2 6483 6484
6236 2 6484 6485
6237 2 6485 6486
6238 2 6486 6487
6239 2 6487 6488
6240 2 6488 6489
6241 2 6489 6490
6242 2 6491 6492
6243 2 6492 6493
6244 2 6493 6494
6245 2 6494 6495
6246 2 6495 6496
6247 2 6496 6497
6248 2 6497 6498
6249 2 6498 6499
6250 2 6499 6500
