1 1 5001 5002 5003
2 1 5002 5003 5004
3 1 5003 5004 5005
4 1 5004 5005 5006
5 1 5005 5006 5007
6 1 5006 5007 5008
7 1 5007 5008 5009
8 1 5008 5009 5010
9 1 5011 5012 5013
10 1 5012 5013 5014
11 1 5013 5014 5015
12 1 5014 5015 5016
13 1 5015 5016 5017
14 1 5016 5017 5018
15 1 5017 5018 5019
16 1 5018 5019 5020
17 1 5021 5022 5023
18 1 5022 5023 5024
19 1 5023 5024 5025
20 1 5024 5025 5026
21 1 5025 5026 5027
22 1 5026 5027 5028
23 1 5027 5028 5029
24 1 5028 5029 5030
25 1 5031 5032 5033
26 1 5032 5033 5034
27 1 5033 5034 5035
28 1 5034 5035 5036
29 1 5035 5036 5037
30 1 5036 5037 5038
31 1 5037 5038 5039
32 1 5038 5039 5040
33 1 5041 5042 5043
34 1 5042 5043 5044
35 1 5043 5044 5045
36 1 5044 5045 5046
37 1 5045 5046 5047
38 1 5046 5047 5048
39 1 5047 5048 5049
40 1 5048 5049 5050
41 1 5051 5052 5053
42 1 5052 5053 5054
43 1 5053 5054 5055
44 1 5054 5055 5056
45 1 5055 5056 5057
46 1 5056 5057 5058
47 1 5057 5058 5059
48 1 5058 5059 5060
49 1 5061 5062 5063
50 1 5062 5063 5064
51 1 5063 5064 5065
52 1 5064 5065 5066
53 1 5065 5066 5067
54 1 5066 5067 5068
55 1 5067 5068 5069
56 1 5068 5069 5070
57 1 5071 5072 5073
58 1 5072 5073 5074
59 1 5073 5074 5075
60 1 5074 5075 5076
61 1 5075 5076 5077
62 1 5076 5077 5078
63 1 5077 5078 5079
64 1 5078 5079 5080
65 1 5081 5082 5083
66 1 5082 5083 5084
67 1 5083 5084 5085
68 1 5084 5085 5086
69 1 5085 5086 5087
70 1 5086 5087 5088
71 1 5087 5088 5089
72 1 5088 5089 5090
73 1 5091 5092 5093
74 1 5092 5093 5094
75 1 5093 5094 5095
76 1 5094 5095 5096
77 1 5095 5096 5097
78 1 5096 5097 5098
79 1 5097 5098 5099
80 1 5098 5099 5100
81 1 5101 5102 5103
82 1 5102 5103 5104
83 1 5103 5104 5105
84 1 5104 5105 5106
85 1 5105 5106 5107
86 1 5106 5107 5108
87 1 5107 5108 5109
88 1 5108 5109 5110
89 1 5111 5112 5113
90 1 5112 5113 5114
91 1 5113 5114 5115
92 1 5114 5115 5116
93 1 5115 5116 5117
94 1 5116 5117 5118
95 1 5117 5118 5119
96 1 5118 5119 5120
97 1 5121 5122 5123
98 1 5122 5123 5124
99 1 5123 5124 5125
100 1 5124 5125 5126
101 1 5125 5126 5127
102 1 5126 5127 5128
103 1 5127 5128 5129
104 1 5128 5129 5130
105 1 5131 5132 5133
106 1 5132 5133 5134
107 1 5133 5134 5135
108 1 5134 5135 5136
109 1 5135 5136 5137
110 1 5136 5137 5138
111 1 5137 5138 5139
112 1 5138 5139 5140
113 1 5141 5142 5143
114 1 5142 5143 5144
115 1 5143 5144 5145
116 1 5144 5145 5146
117 1 5145 5146 5147
118 1 5146 5147 5148
119 1 5147 5148 5149
120 1 5148 5149 5150
121 1 5151 5152 5153
122 1 5152 5153 5154
123 1 5153 5154 5155
124 1 5154 5155 5156
125 1 5155 5156 5157
126 1 5156 5157 5158
127 1 5157 5158 5159
128 1 5158 5159 5160
129 1 5161 5162 5163
130 1 5162 5163 5164
131 1 5163 5164 5165
132 1 5164 5165 5166
133 1 5165 5166 5167
134 1 5166 5167 5168
135 1 5167 5168 5169
136 1 5168 5169 5170
137 1 5171 5172 5173
138 1 5172 5173 5174
139 1 5173 5174 5175
140 1 5174 5175 5176
141 1 5175 5176 5177
142 1 5176 5177 5178
143 1 5177 5178 5179
144 1 5178 5179 5180
145 1 5181 5182 5183
146 1 5182 5183 5184
147 1 5183 5184 5185
148 1 5184 5185 5186
149 1 5185 5186 5187
150 1 5186 5187 5188
151 1 5187 5188 5189
152 1 5188 5189 5190
153 1 5191 5192 5193
154 1 5192 5193 5194
155 1 5193 5194 5195
156 1 5194 5195 5196
157 1 5195 5196 5197
158 1 5196 5197 5198
159 1 5197 5198 5199
160 1 5198 5199 5200
161 1 5201 5202 5203
162 1 5202 5203 5204
163 1 5203 5204 5205
164 1 5204 5205 5206
165 1 5205 5206 5207
166 1 5206 5207 5208
167 1 5207 5208 5209
168 1 5208 5209 5210
169 1 5211 5212 5213
170 1 5212 5213 5214
171 1 5213 5214 5215
172 1 5214 5215 5216
173 1 5215 5216 5217
174 1 5216 5217 5218
175 1 5217 5218 5219
176 1 5218 5219 5220
177 1 5221 5222 5223
178 1 5222 5223 5224
179 1 5223 5224 5225
180 1 5224 5225 5226
181 1 5225 5226 5227
182 1 5226 5227 5228
183 1 5227 5228 5229
184 1 5228 5229 5230
185 1 5231 5232 5233
186 1 5232 5233 5234
187 1 5233 5234 5235
188 1 5234 5235 5236
189 1 5235 5236 5237
190 1 5236 5237 5238
191 1 5237 5238 5239
192 1 5238 5239 5240
193 1 5241 5242 5243
194 1 5242 5243 5244
195 1 5243 5244 5245
196 1 5244 5245 5246
197 1 5245 5246 5247
198 1 5246 5247 5248
199 1 5247 5248 5249
200 1 5248 5249 5250
201 1 5251 5252 5253
202 1 5252 5253 5254
203 1 5253 5254 5255
204 1 5254 5255 5256
205 1 5255 5256 5257
206 1 5256 5257 5258
207 1 5257 5258 5259
208 1 5258 5259 5260
209 1 5261 5262 5263
210 1 5262 5263 5264
211 1 5263 5264 5265
212 1 5264 5265 5266
213 1 5265 5266 5267
214 1 5266 5267 5268
215 1 5267 5268 5269
216 1 5268 5269 5270
217 1 5271 5272 5273
218 1 5272 5273 5274
219 1 5273 5274 5275
220 1 5274 5275 5276
221 1 5275 5276 5277
222 1 5276 5277 5278
223 1 5277 5278 5279
224 1 5278 5279 5280
225 1 5281 5282 5283
226 1 5282 5283 5284
227 1 5283 5284 5285
228 1 5284 5285 5286
229 1 5285 5286 5287
230 1 5286 5287 5288
231 1 5287 5288 5289
232 1 5288 5289 5290
233 1 5291 5292 5293
234 1 5292 5293 5294
235 1 5293 5294 5295
236 1 5294 5295 5296
237 1 5295 5296 5297
238 1 5296 5297 5298
239 1 5297 5298 5299
240 1 5298 5299 5300
241 1 5301 5302 5303
242 1 5302 5303 5304
243 1 5303 5304 5305
244 1 5304 5305 5306
245 1 5305 5306 5307
246 1 5306 5307 5308
247 1 5307 5308 5309
248 1 5308 5309 5310
249 1 5311 5312 5313
250 1 5312 5313 5314
251 1 5313 5314 5315
252 1 5314 5315 5316
253 1 5315 5316 5317
254 1 5316 5317 5318
255 1 5317 5318 5319
256 1 5318 5319 5320
257 1 5321 5322 5323
258 1 5322 5323 5324
259 1 5323 5324 5325
260 1 5324 5325 5326
261 1 5325 5326 5327
262 1 5326 5327 5328
263 1 5327 5328 5329
264 1 5328 5329 5330
265 1 5331 5332 5333
266 1 5332 5333 5334
267 1 5333 5334 5335
268 1 5334 5335 5336
269 1 5335 5336 5337
270 1 5336 5337 5338
271 1 5337 5338 5339
272 1 5338 5339 5340
273 1 5341 5342 5343
274 1 5342 5343 5344
275 1 5343 5344 5345
276 1 5344 5345 5346
277 1 5345 5346 5347
278 1 5346 5347 5348
279 1 5347 5348 5349
280 1 5348 5349 5350
281 1 5351 5352 5353
282 1 5352 5353 5354
283 1 5353 5354 5355
284 1 5354 5355 5356
285 1 5355 5356 5357
286 1 5356 5357 5358
287 1 5357 5358 5359
288 1 5358 5359 5360
289 1 5361 5362 5363
290 1 5362 5363 5364
291 1 5363 5364 5365
292 1 5364 5365 5366
293 1 5365 5366 5367
294 1 5366 5367 5368
295 1 5367 5368 5369
296 1 5368 5369 5370
297 1 5371 5372 5373
298 1 5372 5373 5374
299 1 5373 5374 5375
300 1 5374 5375 5376
301 1 5375 5376 5377
302 1 5376 5377 5378
303 1 5377 5378 5379
304 1 5378 5379 5380
305 1 5381 5382 5383
306 1 5382 5383 5384
307 1 5383 5384 5385
308 1 5384 5385 5386
309 1 5385 5386 5387
310 1 5386 5387 5388
311 1 5387 5388 5389
312 1 5388 5389 5390
313 1 5391 5392 5393
314 1 5392 5393 5394
315 1 5393 5394 5395
316 1 5394 5395 5396
317 1 5395 5396 5397
318 1 5396 5397 5398
319 1 5397 5398 5399
320 1 5398 5399 5400
321 1 5401 5402 5403
322 1 5402 5403 5404
323 1 5403 5404 5405
324 1 5404 5405 5406
325 1 5405 5406 5407
326 1 5406 5407 5408
327 1 5407 5408 5409
328 1 5408 5409 5410
329 1 5411 5412 5413
330 1 5412 5413 5414
331 1 5413 5414 5415
332 1 5414 5415 5416
333 1 5415 5416 5417
334 1 5416 5417 5418
335 1 5417 5418 5419
336 1 5418 5419 5420
337 1 5421 5422 5423
338 1 5422 5423 5424
339 1 5423 5424 5425
340 1 5424 5425 5426
341 1 5425 5426 5427
342 1 5426 5427 5428
343 1 5427 5428 5429
344 1 5428 5429 5430
345 1 5431 5432 5433
346 1 5432 5433 5434
347 1 5433 5434 5435
348 1 5434 5435 5436
349 1 5435 5436 5437
350 1 5436 5437 5438
351 1 5437 5438 5439
352 1 5438 5439 5440
353 1 5441 5442 5443
354 1 5442 5443 5444
355 1 5443 5444 5445
356 1 5444 5445 5446
357 1 5445 5446 5447
358 1 5446 5447 5448
359 1 5447 5448 5449
360 1 5448 5449 5450
361 1 5451 5452 5453
362 1 5452 5453 5454
363 1 5453 5454 5455
364 1 5454 5455 5456
365 1 5455 5456 5457
366 1 5456 5457 5458
367 1 5457 5458 5459
368 1 5458 5459 5460
369 1 5461 5462 5463
370 1 5462 5463 5464
371 1 5463 5464 5465
372 1 5464 5465 5466
373 1 5465 5466 5467
374 1 5466 5467 5468
375 1 5467 5468 5469
376 1 5468 5469 5470
377 1 5471 5472 5473
378 1 5472 5473 5474
379 1 5473 5474 5475
380 1 5474 5475 5476
381 1 5475 5476 5477
382 1 5476 5477 5478
383 1 5477 5478 5479
384 1 5478 5479 5480
385 1 5481 5482 5483
386 1 5482 5483 5484
387 1 5483 5484 5485
388 1 5484 5485 5486
389 1 5485 5486 5487
390 1 5486 5487 5488
391 1 5487 5488 5489
392 1 5488 5489 5490
393 1 5491 5492 5493
394 1 5492 5493 5494
395 1 5493 5494 5495
396 1 5494 5495 5496
397 1 5495 5496 5497
398 1 5496 5497 5498
399 1 5497 5498 5499
400 1 5498 5499 5500
401 1 5501 5502 5503
402 1 5502 5503 5504
403 1 5503 5504 5505
404 1 5504 5505 5506
405 1 5505 5506 5507
406 1 5506 5507 5508
407 1 5507 5508 5509
408 1 5508 5509 5510
409 1 5511 5512 5513
410 1 5512 5513 5514
411 1 5513 5514 5515
412 1 5514 5515 5516
413 1 5515 5516 5517
414 1 5516 5517 5518
415 1 5517 5518 5519
416 1 5518 5519 5520
417 1 5521 5522 5523
418 1 5522 5523 5524
419 1 5523 5524 5525
420 1 5524 5525 5526
421 1 5525 5526 5527
422 1 5526 5527 5528
423 1 5527 5528 5529
424 1 5528 5529 5530
425 1 5531 5532 5533
426 1 5532 5533 5534
427 1 5533 5534 5535
428 1 5534 5535 5536
429 1 5535 5536 5537
430 1 5536 5537 5538
431 1 5537 5538 5539
432 1 5538 5539 5540
433 1 5541 5542 5543
434 1 5542 5543 5544
435 1 5543 5544 5545
436 1 5544 5545 5546
437 1 5545 5546 5547
438 1 5546 5547 5548
439 1 5547 5548 5549
440 1 5548 5549 5550
441 1 5551 5552 5553
442 1 5552 5553 5554
443 1 5553 5554 5555
444 1 5554 5555 5556
445 1 5555 5556 5557
446 1 5556 5557 5558
447 1 5557 5558 5559
448 1 5558 5559 5560
449 1 5561 5562 5563
450 1 5562 5563 5564
451 1 5563 5564 5565
452 1 5564 5565 5566
453 1 5565 5566 5567
454 1 5566 5567 5568
455 1 5567 5568 5569
456 1 5568 5569 5570
457 1 5571 5572 5573
458 1 5572 5573 5574
459 1 5573 5574 5575
460 1 5574 5575 5576
461 1 5575 5576 5577
462 1 5576 5577 5578
463 1 5577 5578 5579
464 1 5578 5579 5580
465 1 5581 5582 5583
466 1 5582 5583 5584
467 1 5583 5584 5585
468 1 5584 5585 5586
469 1 5585 5586 5587
470 1 5586 5587 5588
471 1 5587 5588 5589
472 1 5588 5589 5590
473 1 5591 5592 5593
474 1 5592 5593 5594
475 1 5593 5594 5595
476 1 5594 5595 5596
477 1 5595 5596 5597
478 1 5596 5597 5598
479 1 5597 5598 5599
480 1 5598 5599 5600
481 1 5601 5602 5603
482 1 5602 5603 5604
483 1 5603 5604 5605
484 1 5604 5605 5606
485 1 5605 5606 5607
486 1 5606 5607 5608
487 1 5607 5608 5609
488 1 5608 5609 5610
489 1 5611 5612 5613
490 1 5612 5613 5614
491 1 5613 5614 5615
492 1 5614 5615 5616
493 1 5615 5616 5617
494 1 5616 5617 5618
495 1 5617 5618 5619
496 1 5618 5619 5620
497 1 5621 5622 5623
498 1 5622 5623 5624
499 1 5623 5624 5625
500 1 5624 5625 5626
501 1 5625 5626 5627
502 1 5626 5627 5628
503 1 5627 5628 5629
504 1 5628 5629 5630
505 1 5631 5632 5633
506 1 5632 5633 5634
507 1 5633 5634 5635
508 1 5634 5635 5636
509 1 5635 5636 5637
510 1 5636 5637 5638
511 1 5637 5638 5639
512 1 5638 5639 5640
513 1 5641 5642 5643
514 1 5642 5643 5644
515 1 5643 5644 5645
516 1 5644 5645 5646
517 1 5645 5646 5647
518 1 5646 5647 5648
519 1 5647 5648 5649
520 1 5648 5649 5650
521 1 5651 5652 5653
522 1 5652 5653 5654
523 1 5653 5654 5655
524 1 5654 5655 5656
525 1 5655 5656 5657
526 1 5656 5657 5658
527 1 5657 5658 5659
528 1 5658 5659 5660
529 1 5661 5662 5663
530 1 5662 5663 5664
531 1 5663 5664 5665
532 1 5664 5665 5666
533 1 5665 5666 5667
534 1 5666 5667 5668
535 1 5667 5668 5669
536 1 5668 5669 5670
537 1 5671 5672 5673
538 1 5672 5673 5674
539 1 5673 5674 5675
540 1 5674 5675 5676
541 1 5675 5676 5677
542 1 5676 5677 5678
543 1 5677 5678 5679
544 1 5678 5679 5680
545 1 5681 5682 5683
546 1 5682 5683 5684
547 1 5683 5684 5685
548 1 5684 5685 5686
549 1 5685 5686 5687
550 1 5686 5687 5688
551 1 5687 5688 5689
552 1 5688 5689 5690
553 1 5691 5692 5693
554 1 5692 5693 5694
555 1 5693 5694 5695
556 1 5694 5695 5696
557 1 5695 5696 5697
558 1 5696 5697 5698
559 1 5697 5698 5699
560 1 5698 5699 5700
561 1 5701 5702 5703
562 1 5702 5703 5704
563 1 5703 5704 5705
564 1 5704 5705 5706
565 1 5705 5706 5707
566 1 5706 5707 5708
567 1 5707 5708 5709
568 1 5708 5709 5710
569 1 5711 5712 5713
570 1 5712 5713 5714
571 1 5713 5714 5715
572 1 5714 5715 5716
573 1 5715 5716 5717
574 1 5716 5717 5718
575 1 5717 5718 5719
576 1 5718 5719 5720
577 1 5721 5722 5723
578 1 5722 5723 5724
579 1 5723 5724 5725
580 1 5724 5725 5726
581 1 5725 5726 5727
582 1 5726 5727 5728
583 1 5727 5728 5729
584 1 5728 5729 5730
585 1 5731 5732 5733
586 1 5732 5733 5734
587 1 5733 5734 5735
588 1 5734 5735 5736
589 1 5735 5736 5737
590 1 5736 5737 5738
591 1 5737 5738 5739
592 1 5738 5739 5740
593 1 5741 5742 5743
594 1 5742 5743 5744
595 1 5743 5744 5745
596 1 5744 5745 5746
597 1 5745 5746 5747
598 1 5746 5747 5748
599 1 5747 5748 5749
600 1 5748 5749 5750
601 1 5751 5752 5753
602 1 5752 5753 5754
603 1 5753 5754 5755
604 1 5754 5755 5756
605 1 5755 5756 5757
606 1 5756 5757 5758
607 1 5757 5758 5759
608 1 5758 5759 5760
609 1 5761 5762 5763
610 1 5762 5763 5764
611 1 5763 5764 5765
612 1 5764 5765 5766
613 1 5765 5766 5767
614 1 5766 5767 5768
615 1 5767 5768 5769
616 1 5768 5769 5770
617 1 5771 5772 5773
618 1 5772 5773 5774
619 1 5773 5774 5775
620 1 5774 5775 5776
621 1 5775 5776 5777
622 1 5776 5777 5778
623 1 5777 5778 5779
624 1 5778 5779 5780
625 1 5781 5782 5783
626 1 5782 5783 5784
627 1 5783 5784 5785
628 1 5784 5785 5786
629 1 5785 5786 5787
630 1 5786 5787 5788
631 1 5787 5788 5789
632 1 5788 5789 5790
633 1 5791 5792 5793
634 1 5792 5793 5794
635 1 5793 5794 5795
636 1 5794 5795 5796
637 1 5795 5796 5797
638 1 5796 5797 5798
639 1 5797 5798 5799
640 1 5798 5799 5800
641 1 5801 5802 5803
642 1 5802 5803 5804
643 1 5803 5804 5805
644 1 5804 5805 5806
645 1 5805 5806 5807
646 1 5806 5807 5808
647 1 5807 5808 5809
648 1 5808 5809 5810
649 1 5811 5812 5813
650 1 5812 5813 5814
651 1 5813 5814 5815
652 1 5814 5815 5816
653 1 5815 5816 5817
654 1 5816 5817 5818
655 1 5817 5818 5819
656 1 5818 5819 5820
657 1 5821 5822 5823
658 1 5822 5823 5824
659 1 5823 5824 5825
660 1 5824 5825 5826
661 1 5825 5826 5827
662 1 5826 5827 5828
663 1 5827 5828 5829
664 1 5828 5829 5830
665 1 5831 5832 5833
666 1 5832 5833 5834
667 1 5833 5834 5835
668 1 5834 5835 5836
669 1 5835 5836 5837
670 1 5836 5837 5838
671 1 5837 5838 5839
672 1 5838 5839 5840
673 1 5841 5842 5843
674 1 5842 5843 5844
675 1 5843 5844 5845
676 1 5844 5845 5846
677 1 5845 5846 5847
678 1 5846 5847 5848
679 1 5847 5848 5849
680 1 5848 5849 5850
681 1 5851 5852 5853
682 1 5852 5853 5854
683 1 5853 5854 5855
684 1 5854 5855 5856
685 1 5855 5856 5857
686 1 5856 5857 5858
687 1 5857 5858 5859
688 1 5858 5859 5860
689 1 5861 5862 5863
690 1 5862 5863 5864
691 1 5863 5864 5865
692 1 5864 5865 5866
693 1 5865 5866 5867
694 1 5866 5867 5868
695 1 5867 5868 5869
696 1 5868 5869 5870
697 1 5871 5872 5873
698 1 5872 5873 5874
699 1 5873 5874 5875
700 1 5874 5875 5876
701 1 5875 5876 5877
702 1 5876 5877 5878
703 1 5877 5878 5879
704 1 5878 5879 5880
705 1 5881 5882 5883
706 1 5882 5883 5884
707 1 5883 5884 5885
708 1 5884 5885 5886
709 1 5885 5886 5887
710 1 5886 5887 5888
711 1 5887 5888 5889
712 1 5888 5889 5890
713 1 5891 5892 5893
714 1 5892 5893 5894
715 1 5893 5894 5895
716 1 5894 5895 5896
717 1 5895 5896 5897
718 1 5896 5897 5898
719 1 5897 5898 5899
720 1 5898 5899 5900
721 1 5901 5902 5903
722 1 5902 5903 5904
723 1 5903 5904 5905
724 1 5904 5905 5906
725 1 5905 5906 5907
726 1 5906 5907 5908
727 1 5907 5908 5909
728 1 5908 5909 5910
729 1 5911 5912 5913
730 1 5912 5913 5914
731 1 5913 5914 5915
732 1 5914 5915 5916
733 1 5915 5916 5917
734 1 5916 5917 5918
735 1 5917 5918 5919
736 1 5918 5919 5920
737 1 5921 5922 5923
738 1 5922 5923 5924
739 1 5923 5924 5925
740 1 5924 5925 5926
741 1 5925 5926 5927
742 1 5926 5927 5928
743 1 5927 5928 5929
744 1 5928 5929 5930
745 1 5931 5932 5933
746 1 5932 5933 5934
747 1 5933 5934 5935
748 1 5934 5935 5936
749 1 5935 5936 5937
750 1 5936 5937 5938
751 1 5937 5938 5939
752 1 5938 5939 5940
753 1 5941 5942 5943
754 1 5942 5943 5944
755 1 5943 5944 5945
756 1 5944 5945 5946
757 1 5945 5946 5947
758 1 5946 5947 5948
759 1 5947 5948 5949
760 1 5948 5949 5950
761 1 5951 5952 5953
762 1 5952 5953 5954
763 1 5953 5954 5955
764 1 5954 5955 5956
765 1 5955 5956 5957
766 1 5956 5957 5958
767 1 5957 5958 5959
768 1 5958 5959 5960
769 1 5961 5962 5963
770 1 5962 5963 5964
771 1 5963 5964 5965
772 1 5964 5965 5966
773 1 5965 5966 5967
774 1 5966 5967 5968
775 1 5967 5968 5969
776 1 5968 5969 5970
777 1 5971 5972 5973
778 1 5972 5973 5974
779 1 5973 5974 5975
780 1 5974 5975 5976
781 1 5975 5976 5977
782 1 5976 5977 5978
783 1 5977 5978 5979
784 1 5978 5979 5980
785 1 5981 5982 5983
786 1 5982 5983 5984
787 1 5983 5984 5985
788 1 5984 5985 5986
789 1 5985 5986 5987
790 1 5986 5987 5988
791 1 5987 5988 5989
792 1 5988 5989 5990
793 1 5991 5992 5993
794 1 5992 5993 5994
795 1 5993 5994 5995
796 1 5994 5995 5996
797 1 5995 5996 5997
798 1 5996 5997 5998
799 1 5997 5998 5999
800 1 5998 5999 6000
801 1 6001 6002 6003
802 1 6002 6003 6004
803 1 6003 6004 6005
804 1 6004 6005 6006
805 1 6005 6006 6007
806 1 6006 6007 6008
807 1 6007 6008 6009
808 1 6008 6009 6010
809 1 6011 6012 6013
810 1 6012 6013 6014
811 1 6013 6014 6015
812 1 6014 6015 6016
813 1 6015 6016 6017
814 1 6016 6017 6018
815 1 6017 6018 6019
816 1 6018 6019 6020
817 1 6021 6022 6023
818 1 6022 6023 6024
819 1 6023 6024 6025
820 1 6024 6025 6026
821 1 6025 6026 6027
822 1 6026 6027 6028
823 1 6027 6028 6029
824 1 6028 6029 6030
825 1 6031 6032 6033
826 1 6032 6033 6034
827 1 6033 6034 6035
828 1 6034 6035 6036
829 1 6035 6036 6037
830 1 6036 6037 6038
831 1 6037 6038 6039
832 1 6038 6039 6040
833 1 6041 6042 6043
834 1 6042 6043 6044
835 1 6043 6044 6045
836 1 6044 6045 6046
837 1 6045 6046 6047
838 1 6046 6047 6048
839 1 6047 6048 6049
840 1 6048 6049 6050
841 1 6051 6052 6053
842 1 6052 6053 6054
843 1 6053 6054 6055
844 1 6054 6055 6056
845 1 6055 6056 6057
846 1 6056 6057 6058
847 1 6057 6058 6059
848 1 6058 6059 6060
849 1 6061 6062 6063
850 1 6062 6063 6064
851 1 6063 6064 6065
852 1 6064 6065 6066
853 1 6065 6066 6067
854 1 6066 6067 6068
855 1 6067 6068 6069
856 1 6068 6069 6070
857 1 6071 6072 6073
858 1 6072 6073 6074
859 1 6073 6074 6075
860 1 6074 6075 6076
861 1 6075 6076 6077
862 1 6076 6077 6078
863 1 6077 6078 6079
864 1 6078 6079 6080
865 1 6081 6082 6083
866 1 6082 6083 6084
867 1 6083 6084 6085
868 1 6084 6085 6086
869 1 6085 6086 6087
870 1 6086 6087 6088
871 1 6087 6088 6089
872 1 6088 6089 6090
873 1 6091 6092 6093
874 1 6092 6093 6094
875 1 6093 6094 6095
876 1 6094 6095 6096
877 1 6095 6096 6097
878 1 6096 6097 6098
879 1 6097 6098 6099
880 1 6098 6099 6100
881 1 6101 6102 6103
882 1 6102 6103 6104
883 1 6103 6104 6105
884 1 6104 6105 6106
885 1 6105 6106 6107
886 1 6106 6107 6108
887 1 6107 6108 6109
888 1 6108 6109 6110
889 1 6111 6112 6113
890 1 6112 6113 6114
891 1 6113 6114 6115
892 1 6114 6115 6116
893 1 6115 6116 6117
894 1 6116 6117 6118
895 1 6117 6118 6119
896 1 6118 6119 6120
897 1 6121 6122 6123
898 1 6122 6123 6124
899 1 6123 6124 6125
900 1 6124 6125 6126
901 1 6125 6126 6127
902 1 6126 6127 6128
903 1 6127 6128 6129
904 1 6128 6129 6130
905 1 6131 6132 6133
906 1 6132 6133 6134
907 1 6133 6134 6135
908 1 6134 6135 6136
909 1 6135 6136 6137
910 1 6136 6137 6138
911 1 6137 6138 6139
912 1 6138 6139 6140
913 1 6141 6142 6143
914 1 6142 6143 6144
915 1 6143 6144 6145
916 1 6144 6145 6146
917 1 6145 6146 6147
918 1 6146 6147 6148
919 1 6147 6148 6149
920 1 6148 6149 6150
921 1 6151 6152 6153
922 1 6152 6153 6154
923 1 6153 6154 6155
924 1 6154 6155 6156
925 1 6155 6156 6157
926 1 6156 6157 6158
927 1 6157 6158 6159
928 1 6158 6159 6160
929 1 6161 6162 6163
930 1 6162 6163 6164
931 1 6163 6164 6165
932 1 6164 6165 6166
933 1 6165 6166 6167
934 1 6166 6167 6168
935 1 6167 6168 6169
936 1 6168 6169 6170
937 1 6171 6172 6173
938 1 6172 6173 6174
939 1 6173 6174 6175
940 1 6174 6175 6176
941 1 6175 6176 6177
942 1 6176 6177 6178
943 1 6177 6178 6179
944 1 6178 6179 6180
945 1 6181 6182 6183
946 1 6182 6183 6184
947 1 6183 6184 6185
948 1 6184 6185 6186
949 1 6185 6186 6187
950 1 6186 6187 6188
951 1 6187 6188 6189
952 1 6188 6189 6190
953 1 6191 6192 6193
954 1 6192 6193 6194
955 1 6193 6194 6195
956 1 6194 6195 6196
957 1 6195 6196 6197
958 1 6196 6197 6198
959 1 6197 6198 6199
960 1 6198 6199 6200
961 1 6201 6202 6203
962 1 6202 6203 6204
963 1 6203 6204 6205
964 1 6204 6205 6206
965 1 6205 6206 6207
966 1 6206 6207 6208
967 1 6207 6208 6209
968 1 6208 6209 6210
969 1 6211 6212 6213
970 1 6212 6213 6214
971 1 6213 6214 6215
972 1 6214 6215 6216
973 1 6215 6216 6217
974 1 6216 6217 6218
975 1 6217 6218 6219
976 1 6218 6219 6220
977 1 6221 6222 6223
978 1 6222 6223 6224
979 1 6223 6224 6225
980 1 6224 6225 6226
981 1 6225 6226 6227
982 1 6226 6227 6228
983 1 6227 6228 6229
984 1 6228 6229 6230
985 1 6231 6232 6233
986 1 6232 6233 6234
987 1 6233 6234 6235
988 1 6234 6235 6236
989 1 6235 6236 6237
990 1 6236 6237 6238
991 1 6237 6238 6239
992 1 6238 6239 6240
993 1 6241 6242 6243
994 1 6242 6243 6244
995 1 6243 6244 6245
996 1 6244 6245 6246
997 1 6245 6246 6247
998 1 6246 6247 6248
999 1 6247 6248 6249
1000 1 6248 6249 6250
1001 1 6251 6252 6253
1002 1 6252 6253 6254
1003 1 6253 6254 6255
1004 1 6254 6255 6256
1005 1 6255 6256 6257
1006 1 6256 6257 6258
1007 1 6257 6258 6259
1008 1 6258 6259 6260
1009 1 6261 6262 6263
1010 1 6262 6263 6264
1011 1 6263 6264 6265
1012 1 6264 6265 6266
1013 1 6265 6266 6267
1014 1 6266 6267 6268
1015 1 6267 6268 6269
1016 1 6268 6269 6270
1017 1 6271 6272 6273
1018 1 6272 6273 6274
1019 1 6273 6274 6275
1020 1 6274 6275 6276
1021 1 6275 6276 6277
1022 1 6276 6277 6278
1023 1 6277 6278 6279
1024 1 6278 6279 6280
1025 1 6281 6282 6283
1026 1 6282 6283 6284
1027 1 6283 6284 6285
1028 1 6284 6285 6286
1029 1 6285 6286 6287
1030 1 6286 6287 6288
1031 1 6287 6288 6289
1032 1 6288 6289 6290
1033 1 6291 6292 6293
1034 1 6292 6293 6294
1035 1 6293 6294 6295
1036 1 6294 6295 6296
1037 1 6295 6296 6297
1038 1 6296 6297 6298
1039 1 6297 6298 6299
1040 1 6298 6299 6300
1041 1 6301 6302 6303
1042 1 6302 6303 6304
1043 1 6303 6304 6305
1044 1 6304 6305 6306
1045 1 6305 6306 6307
1046 1 6306 6307 6308
1047 1 6307 6308 6309
1048 1 6308 6309 6310
1049 1 6311 6312 6313
1050 1 6312 6313 6314
1051 1 6313 6314 6315
1052 1 6314 6315 6316
1053 1 6315 6316 6317
1054 1 6316 6317 6318
1055 1 6317 6318 6319
1056 1 6318 6319 6320
1057 1 6321 6322 6323
1058 1 6322 6323 6324
1059 1 6323 6324 6325
1060 1 6324 6325 6326
1061 1 6325 6326 6327
1062 1 6326 6327 6328
1063 1 6327 6328 6329
1064 1 6328 6329 6330
1065 1 6331 6332 6333
1066 1 6332 6333 6334
1067 1 6333 6334 6335
1068 1 6334 6335 6336
1069 1 6335 6336 6337
1070 1 6336 6337 6338
1071 1 6337 6338 6339
1072 1 6338 6339 6340
1073 1 6341 6342 6343
1074 1 6342 6343 6344
1075 1 6343 6344 6345
1076 1 6344 6345 6346
1077 1 6345 6346 6347
1078 1 6346 6347 6348
1079 1 6347 6348 6349
1080 1 6348 6349 6350
1081 1 6351 6352 6353
1082 1 6352 6353 6354
1083 1 6353 6354 6355
1084 1 6354 6355 6356
1085 1 6355 6356 6357
1086 1 6356 6357 6358
1087 1 6357 6358 6359
1088 1 6358 6359 6360
1089 1 6361 6362 6363
1090 1 6362 6363 6364
1091 1 6363 6364 6365
1092 1 6364 6365 6366
1093 1 6365 6366 6367
1094 1 6366 6367 6368
1095 1 6367 6368 6369
1096 1 6368 6369 6370
1097 1 6371 6372 6373
1098 1 6372 6373 6374
1099 1 6373 6374 6375
1100 1 6374 6375 6376
1101 1 6375 6376 6377
1102 1 6376 6377 6378
1103 1 6377 6378 6379
1104 1 6378 6379 6380
1105 1 6381 6382 6383
1106 1 6382 6383 6384
1107 1 6383 6384 6385
1108 1 6384 6385 6386
1109 1 6385 6386 6387
1110 1 6386 6387 6388
1111 1 6387 6388 6389
1112 1 6388 6389 6390
1113 1 6391 6392 6393
1114 1 6392 6393 6394
1115 1 6393 6394 6395
1116 1 6394 6395 6396
1117 1 6395 6396 6397
1118 1 6396 6397 6398
1119 1 6397 6398 6399
1120 1 6398 6399 6400
1121 1 6401 6402 6403
1122 1 6402 6403 6404
1123 1 6403 6404 6405
1124 1 6404 6405 6406
1125 1 6405 6406 6407
1126 1 6406 6407 6408
1127 1 6407 6408 6409
1128 1 6408 6409 6410
1129 1 6411 6412 6413
1130 1 6412 6413 6414
1131 1 6413 6414 6415
1132 1 6414 6415 6416
1133 1 6415 6416 6417
1134 1 6416 6417 6418
1135 1 6417 6418 6419
1136 1 6418 6419 6420
1137 1 6421 6422 6423
1138 1 6422 6423 6424
1139 1 6423 6424 6425
1140 1 6424 6425 6426
1141 1 6425 6426 6427
1142 1 6426 6427 6428
1143 1 6427 6428 6429
1144 1 6428 6429 6430
1145 1 6431 6432 6433
1146 1 6432 6433 6434
1147 1 6433 6434 6435
1148 1 6434 6435 6436
1149 1 6435 6436 6437
1150 1 6436 6437 6438
1151 1 6437 6438 6439
1152 1 6438 6439 6440
1153 1 6441 6442 6443
1154 1 6442 6443 6444
1155 1 6443 6444 6445
1156 1 6444 6445 6446
1157 1 6445 6446 6447
1158 1 6446 6447 6448
1159 1 6447 6448 6449
1160 1 6448 6449 6450
1161 1 6451 6452 6453
1162 1 6452 6453 6454
1163 1 6453 6454 6455
1164 1 6454 6455 6456
1165 1 6455 6456 6457
1166 1 6456 6457 6458
1167 1 6457 6458 6459
1168 1 6458 6459 6460
1169 1 6461 6462 6463
1170 1 6462 6463 6464
1171 1 6463 6464 6465
1172 1 6464 6465 6466
1173 1 6465 6466 6467
1174 1 6466 6467 6468
1175 1 6467 6468 6469
1176 1 6468 6469 6470
1177 1 6471 6472 6473
1178 1 6472 6473 6474
1179 1 6473 6474 6475
1180 1 6474 6475 6476
1181 1 6475 6476 6477
1182 1 6476 6477 6478
1183 1 6477 6478 6479
1184 1 6478 6479 6480
1185 1 6481 6482 6483
1186 1 6482 6483 6484
1187 1 6483 6484 6485
1188 1 6484 6485 6486
1189 1 6485 6486 6487
1190 1 6486 6487 6488
1191 1 6487 6488 6489
1192 1 6488 6489 6490
1193 1 6491 6492 6493
1194 1 6492 6493 6494
1195 1 6493 6494 6495
1196 1 6494 6495 6496
1197 1 6495 6496 6497
1198 1 6496 6497 6498
1199 1 6497 6498 6499
1200 1 6498 6499 6500
